@ cee-a_12-02-05_12-02-05_12-02-05_12-02-05_04-04-05_04-04-05_04-04-05_04-04-05_04-04-05_04-04-05_04-04-05_optimized_250.sa Unitcell_volume: 1.24712e+06   Density: 0.0303709   ASA_A^2: 28122.6 ASA_m^2/cm^3: 225.5 ASA_m^2/g: 7424.87 NASA_A^2: 0 NASA_m^2/cm^3: 0 NASA_m^2/g: 0
Number_of_channels: 1 Channel_surface_area_A^2: 28122.6  
Number_of_pockets: 0 Pocket_surface_area_A^2: 
