@ cee-a_12-02-05_12-02-05_12-02-05_12-02-05_04-04-05_04-04-05_04-04-05_04-04-05_04-04-05_04-04-05_04-04-05_optimized_250.vol Unitcell_volume: 1.24712e+06   Density: 0.0303709   AV_A^3: 1.16731e+06 AV_Volume_fraction: 0.936 AV_cm^3/g: 30.819 NAV_A^3: 0 NAV_Volume_fraction: 0 NAV_cm^3/g: 0
Number_of_channels: 1 Channel_volume_A^3: 1.16731e+06  
Number_of_pockets: 0 Pocket_volume_A^3: 
