@ bpi_22-10-08_22-10-08_05-02-08_05-02-08_05-02-08_05-02-08_optimized_2500.sa Unitcell_volume: 1.81546e+06   Density: 0.0185893   ASA_A^2: 26091.7 ASA_m^2/cm^3: 143.72 ASA_m^2/g: 7731.33 NASA_A^2: 0 NASA_m^2/cm^3: 0 NASA_m^2/g: 0
Number_of_channels: 1 Channel_surface_area_A^2: 26091.7  
Number_of_pockets: 0 Pocket_surface_area_A^2: 
