@ bpi_22-10-08_22-10-08_05-02-08_05-02-08_05-02-08_05-02-08_optimized_2500.vol Unitcell_volume: 1.81546e+06   Density: 0.0185893   AV_A^3: 1.76027e+06 AV_Volume_fraction: 0.9696 AV_cm^3/g: 52.1591 NAV_A^3: 0 NAV_Volume_fraction: 0 NAV_cm^3/g: 0
Number_of_channels: 1 Channel_volume_A^3: 1.76027e+06  
Number_of_pockets: 0 Pocket_volume_A^3: 
