@ bpv_11-02-05_11-02-05_05-04-05_05-04-05_05-04-05_05-04-05_optimized_1250.sa Unitcell_volume: 1.77742e+06   Density: 0.0187164   ASA_A^2: 28323.2 ASA_m^2/cm^3: 159.35 ASA_m^2/g: 8513.95 NASA_A^2: 0 NASA_m^2/cm^3: 0 NASA_m^2/g: 0
Number_of_channels: 1 Channel_surface_area_A^2: 28323.2  
Number_of_pockets: 0 Pocket_surface_area_A^2: 
