@ bpv_11-02-05_11-02-05_05-04-05_05-04-05_05-04-05_05-04-05_optimized_3250.sa Unitcell_volume: 1.77742e+06   Density: 0.0187164   ASA_A^2: 28209.9 ASA_m^2/cm^3: 158.713 ASA_m^2/g: 8479.88 NASA_A^2: 0 NASA_m^2/cm^3: 0 NASA_m^2/g: 0
Number_of_channels: 1 Channel_surface_area_A^2: 28209.9  
Number_of_pockets: 0 Pocket_surface_area_A^2: 
