@ bpv_11-02-05_11-02-05_05-04-05_05-04-05_05-04-05_05-04-05_optimized_250.vol Unitcell_volume: 1.77742e+06   Density: 0.0187164   AV_A^3: 1.72054e+06 AV_Volume_fraction: 0.968 AV_cm^3/g: 51.7194 NAV_A^3: 0 NAV_Volume_fraction: 0 NAV_cm^3/g: 0
Number_of_channels: 1 Channel_volume_A^3: 1.72054e+06  
Number_of_pockets: 0 Pocket_volume_A^3: 
