@ cds-a_15-02-05_15-02-05_05-04-05_05-04-05_05-04-05_optimized_1500.sa Unitcell_volume: 2.16538e+06   Density: 0.00696367   ASA_A^2: 14034.3 ASA_m^2/cm^3: 64.8121 ASA_m^2/g: 9307.17 NASA_A^2: 0 NASA_m^2/cm^3: 0 NASA_m^2/g: 0
Number_of_channels: 1 Channel_surface_area_A^2: 14034.3  
Number_of_pockets: 0 Pocket_surface_area_A^2: 
