@ cds-a_15-02-05_15-02-05_05-04-05_05-04-05_05-04-05_optimized_500.vol Unitcell_volume: 2.16538e+06   Density: 0.00696367   AV_A^3: 2.11775e+06 AV_Volume_fraction: 0.978 AV_cm^3/g: 140.443 NAV_A^3: 0 NAV_Volume_fraction: 0 NAV_cm^3/g: 0
Number_of_channels: 1 Channel_volume_A^3: 2.11775e+06  
Number_of_pockets: 0 Pocket_volume_A^3: 
