@ daz_23-08-01_23-08-01_23-08-01_03-01-01_03-01-01_03-01-01_03-01-01_optimized_1500.vol Unitcell_volume: 313927   Density: 0.0384027   AV_A^3: 292789 AV_Volume_fraction: 0.932667 AV_cm^3/g: 24.2865 NAV_A^3: 0 NAV_Volume_fraction: 0 NAV_cm^3/g: 0
Number_of_channels: 1 Channel_volume_A^3: 292789  
Number_of_pockets: 0 Pocket_volume_A^3: 
