@ daz_23-08-01_23-08-01_23-08-01_03-01-01_03-01-01_03-01-01_03-01-01_optimized_750.vol Unitcell_volume: 313927   Density: 0.0384027   AV_A^3: 289650 AV_Volume_fraction: 0.922667 AV_cm^3/g: 24.0261 NAV_A^3: 0 NAV_Volume_fraction: 0 NAV_cm^3/g: 0
Number_of_channels: 1 Channel_volume_A^3: 289650  
Number_of_pockets: 0 Pocket_volume_A^3: 
