@ daz_16-04-05_16-04-05_16-04-05_04-02-05_04-02-05_04-02-05_04-02-05_optimized_2750.vol Unitcell_volume: 600700   Density: 0.0249724   AV_A^3: 572522 AV_Volume_fraction: 0.953091 AV_cm^3/g: 38.1658 NAV_A^3: 0 NAV_Volume_fraction: 0 NAV_cm^3/g: 0
Number_of_channels: 1 Channel_volume_A^3: 572522  
Number_of_pockets: 0 Pocket_volume_A^3: 
