@ bcu-h_22-08-01_02-01-01_02-01-01_02-01-01_optimized_2250.vol Unitcell_volume: 560873   Density: 0.0447736   AV_A^3: 520739 AV_Volume_fraction: 0.928444 AV_cm^3/g: 20.7364 NAV_A^3: 0 NAV_Volume_fraction: 0 NAV_cm^3/g: 0
Number_of_channels: 1 Channel_volume_A^3: 520739  
Number_of_pockets: 0 Pocket_volume_A^3: 
