@ bcu-h_22-08-01_02-01-01_02-01-01_02-01-01_optimized_3500.vol Unitcell_volume: 560873   Density: 0.0447736   AV_A^3: 518888 AV_Volume_fraction: 0.925143 AV_cm^3/g: 20.6627 NAV_A^3: 0 NAV_Volume_fraction: 0 NAV_cm^3/g: 0
Number_of_channels: 1 Channel_volume_A^3: 518888  
Number_of_pockets: 0 Pocket_volume_A^3: 
