@ bmn_32-04-05_04-02-05_04-02-05_optimized_750.vol Unitcell_volume: 1.66776e+06   Density: 0.0204054   AV_A^3: 1.60994e+06 AV_Volume_fraction: 0.965333 AV_cm^3/g: 47.3077 NAV_A^3: 0 NAV_Volume_fraction: 0 NAV_cm^3/g: 0
Number_of_channels: 1 Channel_volume_A^3: 1.60994e+06  
Number_of_pockets: 0 Pocket_volume_A^3: 
