@ bmn_32-04-05_04-02-05_04-02-05_optimized_2000.sa Unitcell_volume: 1.66776e+06   Density: 0.0204054   ASA_A^2: 29866.7 ASA_m^2/cm^3: 179.083 ASA_m^2/g: 8776.25 NASA_A^2: 0 NASA_m^2/cm^3: 0 NASA_m^2/g: 0
Number_of_channels: 1 Channel_surface_area_A^2: 29866.7  
Number_of_pockets: 0 Pocket_surface_area_A^2: 
