@ bpf_16-02-06_16-02-06_05-02-06_05-02-06_05-02-06_05-02-06_05-02-06_optimized_2250.vol Unitcell_volume: 738552   Density: 0.0171588   AV_A^3: 714590 AV_Volume_fraction: 0.967556 AV_cm^3/g: 56.3884 NAV_A^3: 0 NAV_Volume_fraction: 0 NAV_cm^3/g: 0
Number_of_channels: 1 Channel_volume_A^3: 714590  
Number_of_pockets: 0 Pocket_volume_A^3: 
