@ bpf_16-02-06_16-02-06_05-02-06_05-02-06_05-02-06_05-02-06_05-02-06_optimized_1500.vol Unitcell_volume: 738552   Density: 0.0171588   AV_A^3: 716888 AV_Volume_fraction: 0.970667 AV_cm^3/g: 56.5697 NAV_A^3: 0 NAV_Volume_fraction: 0 NAV_cm^3/g: 0
Number_of_channels: 1 Channel_volume_A^3: 716888  
Number_of_pockets: 0 Pocket_volume_A^3: 
