@ bor_32-02-08_30-02-08_10-10-08_optimized_750.vol Unitcell_volume: 133839   Density: 0.0604106   AV_A^3: 122954 AV_Volume_fraction: 0.918667 AV_cm^3/g: 15.207 NAV_A^3: 0 NAV_Volume_fraction: 0 NAV_cm^3/g: 0
Number_of_channels: 1 Channel_volume_A^3: 122954  
Number_of_pockets: 0 Pocket_volume_A^3: 
