@ daz_32-01-01_32-01-01_32-01-01_08-08-01_08-08-01_08-08-01_08-08-01_optimized_3250.vol Unitcell_volume: 367516   Density: 0.041704   AV_A^3: 345239 AV_Volume_fraction: 0.939385 AV_cm^3/g: 22.525 NAV_A^3: 0 NAV_Volume_fraction: 0 NAV_cm^3/g: 0
Number_of_channels: 1 Channel_volume_A^3: 345239  
Number_of_pockets: 0 Pocket_volume_A^3: 
