@ dmb_14-04-05_14-04-05_02-02-05_02-02-05_02-02-05_02-02-05_optimized_2750.vol Unitcell_volume: 768080   Density: 0.0255485   AV_A^3: 735401 AV_Volume_fraction: 0.957455 AV_cm^3/g: 37.476 NAV_A^3: 0 NAV_Volume_fraction: 0 NAV_cm^3/g: 0
Number_of_channels: 1 Channel_volume_A^3: 735401  
Number_of_pockets: 0 Pocket_volume_A^3: 
