@ dmb_14-04-05_14-04-05_02-02-05_02-02-05_02-02-05_02-02-05_optimized_3250.vol Unitcell_volume: 768080   Density: 0.0255485   AV_A^3: 734757 AV_Volume_fraction: 0.956615 AV_cm^3/g: 37.4431 NAV_A^3: 0 NAV_Volume_fraction: 0 NAV_cm^3/g: 0
Number_of_channels: 1 Channel_volume_A^3: 734757  
Number_of_pockets: 0 Pocket_volume_A^3: 
