@ bps_14-02-05_14-02-05_04-04-05_04-04-05_04-04-05_04-04-05_optimized_500.vol Unitcell_volume: 1.81164e+06   Density: 0.0179695   AV_A^3: 1.7428e+06 AV_Volume_fraction: 0.962 AV_cm^3/g: 53.5352 NAV_A^3: 0 NAV_Volume_fraction: 0 NAV_cm^3/g: 0
Number_of_channels: 1 Channel_volume_A^3: 1.7428e+06  
Number_of_pockets: 0 Pocket_volume_A^3: 
