@ bps_14-02-05_14-02-05_04-04-05_04-04-05_04-04-05_04-04-05_optimized_750.sa Unitcell_volume: 1.81164e+06   Density: 0.0179695   ASA_A^2: 29013.2 ASA_m^2/cm^3: 160.148 ASA_m^2/g: 8912.23 NASA_A^2: 0 NASA_m^2/cm^3: 0 NASA_m^2/g: 0
Number_of_channels: 1 Channel_surface_area_A^2: 29013.2  
Number_of_pockets: 0 Pocket_surface_area_A^2: 
