@ bas_30-04-05_30-04-05_03-02-05_03-02-05_03-02-05_03-02-05_optimized_250.vol Unitcell_volume: 1.15952e+06   Density: 0.0369548   AV_A^3: 1.09923e+06 AV_Volume_fraction: 0.948 AV_cm^3/g: 25.6529 NAV_A^3: 0 NAV_Volume_fraction: 0 NAV_cm^3/g: 0
Number_of_channels: 1 Channel_volume_A^3: 1.09923e+06  
Number_of_pockets: 0 Pocket_volume_A^3: 
