@ bas_30-04-05_30-04-05_03-02-05_03-02-05_03-02-05_03-02-05_optimized_3250.sa Unitcell_volume: 1.15952e+06   Density: 0.0369548   ASA_A^2: 35154 ASA_m^2/cm^3: 303.176 ASA_m^2/g: 8203.97 NASA_A^2: 0 NASA_m^2/cm^3: 0 NASA_m^2/g: 0
Number_of_channels: 1 Channel_surface_area_A^2: 35154  
Number_of_pockets: 0 Pocket_surface_area_A^2: 
