@ dmb_14-02-05_14-02-05_03-04-05_03-04-05_03-04-05_03-04-05_optimized_1000.vol Unitcell_volume: 1.2411e+06   Density: 0.015944   AV_A^3: 1.20511e+06 AV_Volume_fraction: 0.971 AV_cm^3/g: 60.9005 NAV_A^3: 0 NAV_Volume_fraction: 0 NAV_cm^3/g: 0
Number_of_channels: 1 Channel_volume_A^3: 1.20511e+06  
Number_of_pockets: 0 Pocket_volume_A^3: 
