@ bpg_13-05-09_13-05-09_05-03-09_05-03-09_05-03-09_05-03-09_05-03-09_optimized_1250.vol Unitcell_volume: 2.058e+06   Density: 0.0136854   AV_A^3: 2.02343e+06 AV_Volume_fraction: 0.9832 AV_cm^3/g: 71.8429 NAV_A^3: 0 NAV_Volume_fraction: 0 NAV_cm^3/g: 0
Number_of_channels: 1 Channel_volume_A^3: 2.02343e+06  
Number_of_pockets: 0 Pocket_volume_A^3: 
