@ bto_15-04-05_01-02-05_01-02-05_optimized_3250.vol Unitcell_volume: 328740   Density: 0.0212076   AV_A^3: 317108 AV_Volume_fraction: 0.964615 AV_cm^3/g: 45.4845 NAV_A^3: 0 NAV_Volume_fraction: 0 NAV_cm^3/g: 0
Number_of_channels: 1 Channel_volume_A^3: 317108  
Number_of_pockets: 0 Pocket_volume_A^3: 
