@ bto_15-04-05_01-02-05_01-02-05_optimized_3500.vol Unitcell_volume: 328740   Density: 0.0212076   AV_A^3: 316717 AV_Volume_fraction: 0.963429 AV_cm^3/g: 45.4285 NAV_A^3: 0 NAV_Volume_fraction: 0 NAV_cm^3/g: 0
Number_of_channels: 1 Channel_volume_A^3: 316717  
Number_of_pockets: 0 Pocket_volume_A^3: 
