@ bpg_11-01-01_11-01-01_10-08-01_10-08-01_10-08-01_10-08-01_10-08-01_optimized_1500.vol Unitcell_volume: 171204   Density: 0.0721339   AV_A^3: 149404 AV_Volume_fraction: 0.872667 AV_cm^3/g: 12.0979 NAV_A^3: 0 NAV_Volume_fraction: 0 NAV_cm^3/g: 0
Number_of_channels: 1 Channel_volume_A^3: 149404  
Number_of_pockets: 0 Pocket_volume_A^3: 
