@ dma_32-05-09_32-05-09_04-03-09_04-03-09_04-03-09_04-03-09_04-03-09_optimized_1500.vol Unitcell_volume: 1.22577e+06   Density: 0.0184446   AV_A^3: 1.18001e+06 AV_Volume_fraction: 0.962667 AV_cm^3/g: 52.1924 NAV_A^3: 0 NAV_Volume_fraction: 0 NAV_cm^3/g: 0
Number_of_channels: 1 Channel_volume_A^3: 1.18001e+06  
Number_of_pockets: 0 Pocket_volume_A^3: 
