@ dma_32-05-09_32-05-09_04-03-09_04-03-09_04-03-09_04-03-09_04-03-09_optimized_500.sa Unitcell_volume: 1.22577e+06   Density: 0.0184446   ASA_A^2: 19977.1 ASA_m^2/cm^3: 162.976 ASA_m^2/g: 8835.98 NASA_A^2: 0 NASA_m^2/cm^3: 0 NASA_m^2/g: 0
Number_of_channels: 1 Channel_surface_area_A^2: 19977.1  
Number_of_pockets: 0 Pocket_surface_area_A^2: 
