@ dma_32-05-09_32-05-09_04-03-09_04-03-09_04-03-09_04-03-09_04-03-09_optimized_2750.sa Unitcell_volume: 1.22577e+06   Density: 0.0184446   ASA_A^2: 19880.1 ASA_m^2/cm^3: 162.185 ASA_m^2/g: 8793.09 NASA_A^2: 0 NASA_m^2/cm^3: 0 NASA_m^2/g: 0
Number_of_channels: 1 Channel_surface_area_A^2: 19880.1  
Number_of_pockets: 0 Pocket_surface_area_A^2: 
