@ bor_14-01-01_28-01-01_08-08-01_optimized_1750.vol Unitcell_volume: 153693   Density: 0.0602955   AV_A^3: 138060 AV_Volume_fraction: 0.898286 AV_cm^3/g: 14.898 NAV_A^3: 0 NAV_Volume_fraction: 0 NAV_cm^3/g: 0
Number_of_channels: 1 Channel_volume_A^3: 138060  
Number_of_pockets: 0 Pocket_volume_A^3: 
